"Domain","Kingdom","Phylum","Class","Order","Family","Genus","Species","LKT","NumBases","PctFromCtg","CumSum","PctCumSum","NumContigs","ContigSum","LargestContigSize","N50","L50","N90","ProbNumGenomes","Num16S"
"d__Bacteria","k__Bacteria","p__Proteobacteria","c__Gammaproteobacteria","o__Oceanospirillales","f__Halomonadaceae","g__Halomonas","s__Halomonas_Unclassified_HL_93","LKT__s__Halomonas_Unclassified_HL_93",8736102441,100,8736102441,31.55,358,4012932,140878,37779,326,5112,0.97,0
"d__Bacteria","k__Bacteria","p__Bacteroidetes","c__Flavobacteriia","o__Flavobacteriales","f__Flavobacteriaceae","g__Muricauda","s__Muricauda_lutimaris","LKT__s__Muricauda_lutimaris",4873253116,100,13609355557,49.15,18,3507142,1095902,1037517,17,144885,0.91,1
"d__Bacteria","k__Bacteria","p__Proteobacteria","c__Gammaproteobacteria","o__Pseudomonadales","f__Marinobacteraceae","g__Marinobacter","s__Marinobacter_Unclassified_LV10R510_11A","LKT__s__Marinobacter_Unclassified_LV10R510_11A",4104411382,100,17713766939,63.97,176,4139991,242219,107363,163,15784,0.93,2
"d__Bacteria","k__Bacteria","p__Proteobacteria","c__Gammaproteobacteria","o__Moraxellales","f__Moraxellaceae","g__Psychrobacter","s__Psychrobacter_Unclassified_72_O_c","LKT__s__Psychrobacter_Unclassified_72_O_c",2965136305,100,20678903244,74.68,96,3069932,153619,63460,81,21715,0.96,1
"d__Bacteria","k__Bacteria","p__Proteobacteria","c__Alphaproteobacteria","o__Hyphomicrobiales","f__Cohaesibacteraceae","g__Cohaesibacter","s__Cohaesibacter_Unclassified_ES_047","LKT__s__Cohaesibacter_Unclassified_ES_047",1899305745,100,22578208989,81.54,160,4946643,327018,116940,147,18887,0.97,1
"d__Bacteria","k__Bacteria","p__Proteobacteria","c__Gammaproteobacteria","o__Pseudomonadales","f__Marinobacteraceae","g__Marinobacter","s__Marinobacter_Unclassified_LV10MA510_1","LKT__s__Marinobacter_Unclassified_LV10MA510_1",1338829892,100,23917038881,86.37,168,4343631,339832,84193,155,16031,0.98,0
"d__Bacteria","k__Bacteria","p__Proteobacteria","c__Gammaproteobacteria","o__Oceanospirillales","f__Halomonadaceae","g__Halomonas","s__Halomonas_Unclassified_hl_4","LKT__s__Halomonas_Unclassified_hl_4",971814180,100,24888853061,89.88,271,826845,61208,5473,243,1184,0.2,0
"d__Bacteria","k__Bacteria","p__Proteobacteria","c__Alphaproteobacteria","o__Rhodobacterales","f__Rhodobacteraceae","g__Thioclava","s__Thioclava_Unclassified_ES_031","LKT__s__Thioclava_Unclassified_ES_031",559128268,100,25447981329,91.9,22,3266779,425175,284896,18,120553,0.81,1
"d__Bacteria","k__Bacteria","p__Proteobacteria","c__Gammaproteobacteria","o__Pseudomonadales","f__Marinobacteraceae","g__Marinobacter","s__Marinobacter_Unclassified_LV10R520_4","LKT__s__Marinobacter_Unclassified_LV10R520_4",333851422,100,25781832751,93.11,6,75953,40178,40178,6,7364,0.02,0
"d__Bacteria","k__Bacteria","p__Actinobacteria","c__Actinomycetia","o__Propionibacteriales","f__Propionibacteriaceae","g__Enemella","s__Enemella_evansiae","LKT__s__Enemella_evansiae",311748674,100,26093581425,94.23,12,4495216,1869395,576421,11,244824,1,1
"d__Bacteria","k__Bacteria","p__Actinobacteria","c__Actinomycetia","o__Micromonosporales","f__Micromonosporaceae","g__Micromonospora","s__Micromonospora_echinofusca","LKT__s__Micromonospora_echinofusca",278920080,100,26372501505,95.24,158,6951147,327715,122058,139,36998,0.95,1
"d__Bacteria","k__Bacteria","p__Actinobacteria","c__Actinomycetia","o__Micromonosporales","f__Micromonosporaceae","g__Micromonospora","s__Micromonospora_echinaurantiaca","LKT__s__Micromonospora_echinaurantiaca",233020893,100,26605522398,96.08,121,7140601,417048,131164,106,37058,0.99,0
"d__Bacteria","k__Bacteria","p__Proteobacteria","c__Gammaproteobacteria","o__Oceanospirillales","f__Halomonadaceae","g__Halomonas","s__Unclassified","LKT__g__Halomonas",149327892,100,26754850290,96.62,17,39255,20072,20072,17,728,0.01,1
"d__Bacteria","k__Bacteria","p__Proteobacteria","c__Gammaproteobacteria","o__Moraxellales","f__Moraxellaceae","g__Psychrobacter","s__Psychrobacter_Unclassified_GP33","LKT__s__Psychrobacter_Unclassified_GP33",107282567,100,26862132857,97.01,2,11047,8932,8932,2,2115,0,0
"d__Bacteria","k__Bacteria","p__Proteobacteria","c__Gammaproteobacteria","o__Pseudomonadales","f__Marinobacteraceae","g__Marinobacter","s__Marinobacter_gelidimuriae","LKT__s__Marinobacter_gelidimuriae",105753985,100,26967886842,97.39,8,21887,8240,5304,7,1172,0.01,0
"d__Bacteria","k__Bacteria","p__Proteobacteria","c__Alphaproteobacteria","o__Rhodobacterales","f__Rhodobacteraceae","g__Thioclava","s__Thioclava_Unclassified_JE_KL1","LKT__s__Thioclava_Unclassified_JE_KL1",90894377,100,27058781219,97.72,7,531481,297772,297772,7,27538,0.12,0
"d__Bacteria","k__Bacteria","p__Proteobacteria","c__Gammaproteobacteria","o__Moraxellales","f__Moraxellaceae","g__Psychrobacter","s__Psychrobacter_frigidicola","LKT__s__Psychrobacter_frigidicola",88426951,100,27147208170,98.04,7,37697,20272,20272,7,5346,0.01,0
"d__Unclassified","k__Unclassified","p__Unclassified","c__Unclassified","o__Unclassified","f__Unclassified","g__Unclassified","s__Unclassified","LKT__Unclassified",85097685,100,27232305855,98.35,80,132274,45968,8879,78,562,0.03,0
"d__Bacteria","k__Bacteria","p__Proteobacteria","c__Alphaproteobacteria","o__Rhodobacterales","f__Roseobacteraceae","g__Litoreibacter","s__Litoreibacter_arenae","LKT__s__Litoreibacter_arenae",59165397,100,27291471252,98.56,1,5229,5229,5229,1,5229,0,0
"d__Bacteria","k__Bacteria","p__Bacteroidetes","c__Flavobacteriia","o__Flavobacteriales","f__Flavobacteriaceae","g__Muricauda","s__Muricauda_ruestringensis","LKT__s__Muricauda_ruestringensis",57918813,100,27349390065,98.77,4,39417,20252,20252,4,6126,0.01,0
"d__Bacteria","k__Bacteria","p__Unclassified","c__Unclassified","o__Unclassified","f__Unclassified","g__Unclassified","s__Unclassified","LKT__k__Bacteria",47474632,100,27396864697,98.94,6,84365,47855,47855,6,28670,0.02,0
"d__Bacteria","k__Bacteria","p__Bacteroidetes","c__Flavobacteriia","o__Flavobacteriales","f__Flavobacteriaceae","g__Maribacter","s__Maribacter_Unclassified_RZ26","LKT__s__Maribacter_Unclassified_RZ26",23714841,100,27420579538,99.03,1,17064,17064,17064,1,17064,0,0
"d__Bacteria","k__Bacteria","p__Proteobacteria","c__Alphaproteobacteria","o__Rhodobacterales","f__Rhodobacteraceae","g__Thioclava","s__Thioclava_Unclassified_NG1","LKT__s__Thioclava_Unclassified_NG1",23283977,100,27443863515,99.11,1,135840,135840,135840,1,135840,0.03,0
"d__Bacteria","k__Bacteria","p__Proteobacteria","c__Gammaproteobacteria","o__Pseudomonadales","f__Marinobacteraceae","g__Marinobacter","s__Unclassified","LKT__g__Marinobacter",22976845,100,27466840360,99.19,45,57787,4375,1734,35,616,0.01,2
"d__Bacteria","k__Bacteria","p__Proteobacteria","c__Alphaproteobacteria","o__Rhodobacterales","f__Roseobacteraceae","g__Unclassified","s__Unclassified","LKT__f__Roseobacteraceae",21953173,100,27488793533,99.27,1,122527,122527,122527,1,122527,0.03,0
"d__Bacteria","k__Bacteria","p__Proteobacteria","c__Alphaproteobacteria","o__Rhodobacterales","f__Roseobacteraceae","g__Sagittula","s__Sagittula_marina","LKT__s__Sagittula_marina",21289068,100,27510082601,99.35,1,121845,121845,121845,1,121845,0.02,0
"d__Bacteria","k__Bacteria","p__Proteobacteria","c__Alphaproteobacteria","o__Hyphomicrobiales","f__Unclassified","g__Unclassified","s__Unclassified","LKT__o__Hyphomicrobiales",20216916,100,27530299517,99.42,1,110639,110639,110639,1,110639,0.02,0
"d__Bacteria","k__Bacteria","p__Proteobacteria","c__Gammaproteobacteria","o__Moraxellales","f__Moraxellaceae","g__Psychrobacter","s__Psychrobacter_immobilis","LKT__s__Psychrobacter_immobilis",16155652,100,27546455169,99.48,1,1919,1919,1919,1,1919,0,0
"d__Bacteria","k__Bacteria","p__Proteobacteria","c__Gammaproteobacteria","o__Pseudomonadales","f__Marinobacteraceae","g__Marinobacter","s__Marinobacter_Unclassified_ELB17","LKT__s__Marinobacter_Unclassified_ELB17",16143383,100,27562598552,99.54,9,39807,10750,10560,8,3626,0.01,0
"d__Bacteria","k__Bacteria","p__Proteobacteria","c__Alphaproteobacteria","o__Rhodobacterales","f__Rhodobacteraceae","g__Thioclava","s__Thioclava_Unclassified_DLFJ5_1","LKT__s__Thioclava_Unclassified_DLFJ5_1",13143684,100,27575742236,99.59,1,73008,73008,73008,1,73008,0.02,0
"d__Bacteria","k__Bacteria","p__Proteobacteria","c__Alphaproteobacteria","o__Rhodobacterales","f__Rhodobacteraceae","g__Thioclava","s__Thioclava_Unclassified_F28_4","LKT__s__Thioclava_Unclassified_F28_4",11754027,100,27587496263,99.63,3,64413,62644,62644,3,62644,0.01,0
"d__Bacteria","k__Bacteria","p__Proteobacteria","c__Alphaproteobacteria","o__Rhodobacterales","f__Unclassified","g__Unclassified","s__Unclassified","LKT__o__Rhodobacterales",11053407,100,27598549670,99.67,2,61661,48741,48741,2,12920,0.01,0
"d__Bacteria","k__Bacteria","p__Proteobacteria","c__Gammaproteobacteria","o__Moraxellales","f__Moraxellaceae","g__Psychrobacter","s__Psychrobacter_urativorans","LKT__s__Psychrobacter_urativorans",8347044,100,27606896714,99.7,4,19108,14177,14177,4,1621,0.01,0
"d__Bacteria","k__Bacteria","p__Bacteroidetes","c__Flavobacteriia","o__Flavobacteriales","f__Flavobacteriaceae","g__Winogradskyella","s__Winogradskyella_schleiferi","LKT__s__Winogradskyella_schleiferi",8276685,100,27615173399,99.73,1,6125,6125,6125,1,6125,0,0
"d__Bacteria","k__Bacteria","p__Actinobacteria","c__Actinomycetia","o__Corynebacteriales","f__Nocardiaceae","g__Nocardia","s__Nocardia_donostiensis","LKT__s__Nocardia_donostiensis",6840620,100,27622014019,99.75,1,40373,40373,40373,1,40373,0.01,0
"d__Bacteria","k__Bacteria","p__Proteobacteria","c__Alphaproteobacteria","o__Rhodospirillales","f__Azospirillaceae","g__Azospirillum","s__Azospirillum_Unclassified_TSA6c","LKT__s__Azospirillum_Unclassified_TSA6c",6815542,100,27628829561,99.78,1,37515,37515,37515,1,37515,0,0
"d__Bacteria","k__Bacteria","p__Proteobacteria","c__Alphaproteobacteria","o__Rhodobacterales","f__Rhodobacteraceae","g__Thioclava","s__Thioclava_electrotropha","LKT__s__Thioclava_electrotropha",6593820,100,27635423381,99.8,1,34515,34515,34515,1,34515,0.01,0
"d__Bacteria","k__Bacteria","p__Proteobacteria","c__Alphaproteobacteria","o__Rhodobacterales","f__Rhodobacteraceae","g__Thioclava","s__Thioclava_Unclassified_F1Mire_8","LKT__s__Thioclava_Unclassified_F1Mire_8",5807498,100,27641230879,99.82,1,33279,33279,33279,1,33279,0.01,0
"d__Bacteria","k__Bacteria","p__Proteobacteria","c__Gammaproteobacteria","o__Moraxellales","f__Moraxellaceae","g__Psychrobacter","s__Psychrobacter_piscatorii","LKT__s__Psychrobacter_piscatorii",5690345,100,27646921224,99.84,1,1708,1708,1708,1,1708,0,0
"d__Bacteria","k__Bacteria","p__Proteobacteria","c__Gammaproteobacteria","o__Moraxellales","f__Moraxellaceae","g__Psychrobacter","s__Psychrobacter_Unclassified_DAB_AL43B","LKT__s__Psychrobacter_Unclassified_DAB_AL43B",5228620,100,27652149844,99.86,2,6053,4241,4241,2,1812,0,0
"d__Bacteria","k__Bacteria","p__Proteobacteria","c__Alphaproteobacteria","o__Rhodobacterales","f__Rhodobacteraceae","g__Thioclava","s__Thioclava_nitratireducens","LKT__s__Thioclava_nitratireducens",5087050,100,27657236894,99.88,1,29191,29191,29191,1,29191,0.01,0
"d__Bacteria","k__Bacteria","p__Proteobacteria","c__Gammaproteobacteria","o__Moraxellales","f__Moraxellaceae","g__Psychrobacter","s__Psychrobacter_Unclassified_Sarcosine_02u_2","LKT__s__Psychrobacter_Unclassified_Sarcosine_02u_2",4003584,100,27661240478,99.9,1,5012,5012,5012,1,5012,0,0
"d__Bacteria","k__Bacteria","p__Proteobacteria","c__Gammaproteobacteria","o__Moraxellales","f__Moraxellaceae","g__Psychrobacter","s__Psychrobacter_Unclassified_ANT_H56B","LKT__s__Psychrobacter_Unclassified_ANT_H56B",3239749,100,27664480227,99.91,1,3876,3876,3876,1,3876,0,0
"d__Bacteria","k__Bacteria","p__Proteobacteria","c__Gammaproteobacteria","o__Moraxellales","f__Moraxellaceae","g__Psychrobacter","s__Unclassified","LKT__g__Psychrobacter",2833020,100,27667313247,99.92,5,4090,1611,716,4,518,0,0
"d__Eukaryota","k__Unclassified","p__Unclassified","c__Unclassified","o__Unclassified","f__Unclassified","g__Unclassified","s__Unclassified","LKT__d__Eukaryota",2628511,100,27669941758,99.93,1,14301,14301,14301,1,14301,0,0
"d__Bacteria","k__Bacteria","p__Actinobacteria","c__Actinomycetia","o__Pseudonocardiales","f__Pseudonocardiaceae","g__Pseudonocardia","s__Pseudonocardia_pini","LKT__s__Pseudonocardia_pini",2622088,100,27672563846,99.94,1,13622,13622,13622,1,13622,0,0
"d__Bacteria","k__Bacteria","p__Bacteroidetes","c__Flavobacteriia","o__Flavobacteriales","f__Flavobacteriaceae","g__Muricauda","s__Muricauda_Unclassified_ARW1Y1","LKT__s__Muricauda_Unclassified_ARW1Y1",2463976,100,27675027822,99.95,1,1223,1223,1223,1,1223,0,0
"d__Bacteria","k__Bacteria","p__Proteobacteria","c__Alphaproteobacteria","o__Rhodobacterales","f__Rhodobacteraceae","g__Thioclava","s__Thioclava_Unclassified_L04_15","LKT__s__Thioclava_Unclassified_L04_15",2450819,100,27677478641,99.95,1,13868,13868,13868,1,13868,0,0
"d__Bacteria","k__Bacteria","p__Bacteroidetes","c__Flavobacteriia","o__Flavobacteriales","f__Flavobacteriaceae","g__Winogradskyella","s__Winogradskyella_Unclassified_E313","LKT__s__Winogradskyella_Unclassified_E313",2192582,100,27679671223,99.96,1,1312,1312,1312,1,1312,0,0
"d__Bacteria","k__Bacteria","p__Proteobacteria","c__Alphaproteobacteria","o__Rhodobacterales","f__Rhodobacteraceae","g__Halovulum","s__Halovulum_marinum","LKT__s__Halovulum_marinum",1956590,100,27681627813,99.97,1,11395,11395,11395,1,11395,0,0
"d__Bacteria","k__Bacteria","p__Proteobacteria","c__Alphaproteobacteria","o__Rhodobacterales","f__Rhodobacteraceae","g__Thioclava","s__Thioclava_Unclassified_F36_7","LKT__s__Thioclava_Unclassified_F36_7",1435355,100,27683063168,99.97,1,8191,8191,8191,1,8191,0,0
"d__Bacteria","k__Bacteria","p__Proteobacteria","c__Alphaproteobacteria","o__Rhodobacterales","f__Rhodobacteraceae","g__Thioclava","s__Unclassified","LKT__g__Thioclava",1397056,100,27684460224,99.98,4,5916,2503,1641,3,677,0,0
"d__Bacteria","k__Bacteria","p__Firmicutes","c__Bacilli","o__Bacillales","f__Alicyclobacillaceae","g__Alicyclobacillus","s__Alicyclobacillus_vulcanalis","LKT__s__Alicyclobacillus_vulcanalis",1280989,100,27685741213,99.98,1,7033,7033,7033,1,7033,0,0
"d__Bacteria","k__Bacteria","p__Proteobacteria","c__Alphaproteobacteria","o__Rhodobacterales","f__Rhodobacteraceae","g__Thioclava","s__Thioclava_dalianensis","LKT__s__Thioclava_dalianensis",1065170,100,27686806383,99.99,1,923,923,923,1,923,0,0
"d__Bacteria","k__Bacteria","p__Proteobacteria","c__Gammaproteobacteria","o__Moraxellales","f__Moraxellaceae","g__Psychrobacter","s__Psychrobacter_Unclassified_FME5","LKT__s__Psychrobacter_Unclassified_FME5",1041425,100,27687847808,99.99,1,897,897,897,1,897,0,0
"d__Bacteria","k__Bacteria","p__Actinobacteria","c__Actinomycetia","o__Streptomycetales","f__Streptomycetaceae","g__Streptomyces","s__Unclassified","LKT__g__Streptomyces",669778,100,27688517586,99.99,1,1896,1896,1896,1,1896,0,0
"d__Bacteria","k__Bacteria","p__Balneolaeota","c__Balneolia","o__Balneolales","f__Balneolaceae","g__Rhodohalobacter","s__Rhodohalobacter_barkolensis","LKT__s__Rhodohalobacter_barkolensis",623428,100,27689141014,100,1,640,640,640,1,640,0,0
"d__Bacteria","k__Bacteria","p__Actinobacteria","c__Actinomycetia","o__Micromonosporales","f__Micromonosporaceae","g__Micromonospora","s__Unclassified","LKT__g__Micromonospora",346808,100,27689487822,100,5,7116,2500,1371,4,929,0,0
"d__Bacteria","k__Bacteria","p__Proteobacteria","c__Gammaproteobacteria","o__Pseudomonadales","f__Marinobacteraceae","g__Marinobacter","s__Marinobacter_Unclassified_Arc7_DN_1","LKT__s__Marinobacter_Unclassified_Arc7_DN_1",183023,100,27689670845,100,1,18825,18825,18825,1,18825,0,0
"d__Bacteria","k__Bacteria","p__Actinobacteria","c__Actinomycetia","o__Micrococcales","f__Microbacteriaceae","g__Salinibacterium","s__Salinibacterium_Unclassified_NK8237","LKT__s__Salinibacterium_Unclassified_NK8237",124254,100,27689795099,100,1,2407,2407,2407,1,2407,0,0
"d__Eukaryota","k__Fungi","p__Mucoromycota","c__Glomeromycetes","o__Glomerales","f__Glomeraceae","g__Unclassified","s__Unclassified","LKT__f__Glomeraceae",95990,100,27689891089,100,1,537,537,537,1,537,0,0
"d__Bacteria","k__Bacteria","p__Proteobacteria","c__Alphaproteobacteria","o__Rhodobacterales","f__Rhodobacteraceae","g__Unclassified","s__Unclassified","LKT__f__Rhodobacteraceae",78362,100,27689969451,100,1,569,569,569,1,569,0,0
"d__Bacteria","k__Bacteria","p__Actinobacteria","c__Actinomycetia","o__Micromonosporales","f__Micromonosporaceae","g__Micromonospora","s__Micromonospora_Unclassified_TP_A0468","LKT__s__Micromonospora_Unclassified_TP_A0468",59072,100,27690028523,100,1,1656,1656,1656,1,1656,0,0
"d__Bacteria","k__Bacteria","p__Proteobacteria","c__Gammaproteobacteria","o__Pseudomonadales","f__Marinobacteraceae","g__Marinobacter","s__Marinobacter_Unclassified_BSs20148","LKT__s__Marinobacter_Unclassified_BSs20148",41100,100,27690069623,100,1,3942,3942,3942,1,3942,0,0
"d__Bacteria","k__Bacteria","p__Actinobacteria","c__Actinomycetia","o__Micromonosporales","f__Micromonosporaceae","g__Micromonospora","s__Micromonospora_Unclassified_S4605","LKT__s__Micromonospora_Unclassified_S4605",28565,100,27690098188,100,3,5018,2156,1817,2,1045,0,0
"d__Bacteria","k__Bacteria","p__Proteobacteria","c__Gammaproteobacteria","o__Moraxellales","f__Moraxellaceae","g__Psychrobacter","s__Psychrobacter_Unclassified_P11G5","LKT__s__Psychrobacter_Unclassified_P11G5",26680,100,27690124868,100,1,4235,4235,4235,1,4235,0,0
"d__Bacteria","k__Bacteria","p__Proteobacteria","c__Gammaproteobacteria","o__Moraxellales","f__Moraxellaceae","g__Psychrobacter","s__Psychrobacter_cibarius","LKT__s__Psychrobacter_cibarius",5521,100,27690130389,100,1,719,719,719,1,719,0,0
"d__Bacteria","k__Bacteria","p__Proteobacteria","c__Gammaproteobacteria","o__Moraxellales","f__Moraxellaceae","g__Psychrobacter","s__Psychrobacter_Unclassified_CMS30","LKT__s__Psychrobacter_Unclassified_CMS30",4547,100,27690134936,100,1,711,711,711,1,711,0,0
"d__Bacteria","k__Bacteria","p__Proteobacteria","c__Gammaproteobacteria","o__Oceanospirillales","f__Halomonadaceae","g__Halomonas","s__Halomonas_azerica","LKT__s__Halomonas_azerica",4265,100,27690139201,100,1,1043,1043,1043,1,1043,0,0
"d__Bacteria","k__Bacteria","p__Proteobacteria","c__Gammaproteobacteria","o__Moraxellales","f__Moraxellaceae","g__Psychrobacter","s__Psychrobacter_Unclassified_CCUG_69069","LKT__s__Psychrobacter_Unclassified_CCUG_69069",4073,100,27690143274,100,2,1166,631,631,2,535,0,0
"d__Bacteria","k__Bacteria","p__Proteobacteria","c__Gammaproteobacteria","o__Pseudomonadales","f__Pseudomonadaceae","g__Pseudomonas","s__Unclassified","LKT__g__Pseudomonas",4004,100,27690147278,100,1,1249,1249,1249,1,1249,0,0
"d__Bacteria","k__Bacteria","p__Proteobacteria","c__Alphaproteobacteria","o__Sphingomonadales","f__Sphingomonadaceae","g__Blastomonas","s__Blastomonas_Unclassified_CCH5_A3","LKT__s__Blastomonas_Unclassified_CCH5_A3",3568,100,27690150846,100,1,773,773,773,1,773,0,0
"d__Eukaryota","k__Fungi","p__Chytridiomycota","c__Chytridiomycetes","o__Rhizophlyctidales","f__Rhizophlyctidaceae","g__Rhizophlyctis","s__Rhizophlyctis_rosea","LKT__s__Rhizophlyctis_rosea",3549,100,27690154395,100,1,1043,1043,1043,1,1043,0,0
"d__Bacteria","k__Bacteria","p__Proteobacteria","c__Gammaproteobacteria","o__Moraxellales","f__Moraxellaceae","g__Psychrobacter","s__Psychrobacter_glacincola","LKT__s__Psychrobacter_glacincola",2562,100,27690156957,100,2,1095,559,559,2,536,0,0
